{
  "GlobalObjectId_V1-2-dc297f3e9dea13945885fb44478a2eb7-503405574-0": {
    "GameObjectId": "GlobalObjectId_V1-2-dc297f3e9dea13945885fb44478a2eb7-503405574-0",
    "SectionColorRed": 1.0,
    "SectionColorGreen": 0.8333334,
    "SectionColorBlue": 0.5,
    "SectionAltColorRed": 0.5,
    "SectionAltColorGreen": 0.375,
    "SectionAltColorBlue": 0.125
  },
  "GlobalObjectId_V1-2-dc297f3e9dea13945885fb44478a2eb7-1456680452-0": {
    "GameObjectId": "GlobalObjectId_V1-2-dc297f3e9dea13945885fb44478a2eb7-1456680452-0",
    "SectionColorRed": 0.5,
    "SectionColorGreen": 0.833333254,
    "SectionColorBlue": 1.0,
    "SectionAltColorRed": 0.125,
    "SectionAltColorGreen": 0.37499994,
    "SectionAltColorBlue": 0.5
  },
  "GlobalObjectId_V1-2-dc297f3e9dea13945885fb44478a2eb7-316399202-0": {
    "GameObjectId": "GlobalObjectId_V1-2-dc297f3e9dea13945885fb44478a2eb7-316399202-0",
    "SectionColorRed": 1.0,
    "SectionColorGreen": 0.5,
    "SectionColorBlue": 0.5,
    "SectionAltColorRed": 0.5,
    "SectionAltColorGreen": 0.125,
    "SectionAltColorBlue": 0.125
  }
}